title:Test DIM Wishlist
description:Destiny 2 Test DIM Wishlist

// Aisha's Embrace - Aisha's embrace (god-pve,pve,controller,mnk)
//notes: Cool gun tags:god-pve,pve,controller,mnk
dimwishlist:item=2638190703&perks=839105230,2420895100,3400784728,2896038713,2988596335
dimwishlist:item=2638190703&perks=839105230,2420895100,3400784728,2896038713,4091460919
dimwishlist:item=2638190703&perks=839105230,1431678320,3400784728,2896038713,2988596335
dimwishlist:item=2638190703&perks=839105230,1431678320,3400784728,2896038713,4091460919
dimwishlist:item=2638190703&perks=839105230,1087426260,3400784728,2896038713,2988596335
dimwishlist:item=2638190703&perks=839105230,1087426260,3400784728,2896038713,4091460919
dimwishlist:item=2638190703&perks=839105230,1968497646,3400784728,2896038713,2988596335
dimwishlist:item=2638190703&perks=839105230,1968497646,3400784728,2896038713,4091460919
dimwishlist:item=2638190703&perks=839105230,1561002382,3400784728,2896038713,2988596335
dimwishlist:item=2638190703&perks=839105230,1561002382,3400784728,2896038713,4091460919
dimwishlist:item=2638190703&perks=839105230,1885400500,3400784728,2896038713,2988596335
dimwishlist:item=2638190703&perks=839105230,1885400500,3400784728,2896038713,4091460919
dimwishlist:item=2638190703&perks=839105230,3230963543,3400784728,2896038713,2988596335
dimwishlist:item=2638190703&perks=839105230,3230963543,3400784728,2896038713,4091460919
dimwishlist:item=2638190703&perks=839105230,679225683,3400784728,2896038713,2988596335
dimwishlist:item=2638190703&perks=839105230,679225683,3400784728,2896038713,4091460919
dimwishlist:item=2638190703&perks=1840239774,2420895100,3400784728,2896038713,2988596335
dimwishlist:item=2638190703&perks=1840239774,2420895100,3400784728,2896038713,4091460919
dimwishlist:item=2638190703&perks=1840239774,1431678320,3400784728,2896038713,2988596335
dimwishlist:item=2638190703&perks=1840239774,1431678320,3400784728,2896038713,4091460919
dimwishlist:item=2638190703&perks=1840239774,1087426260,3400784728,2896038713,2988596335
dimwishlist:item=2638190703&perks=1840239774,1087426260,3400784728,2896038713,4091460919
dimwishlist:item=2638190703&perks=1840239774,1968497646,3400784728,2896038713,2988596335
dimwishlist:item=2638190703&perks=1840239774,1968497646,3400784728,2896038713,4091460919
dimwishlist:item=2638190703&perks=1840239774,1561002382,3400784728,2896038713,2988596335
dimwishlist:item=2638190703&perks=1840239774,1561002382,3400784728,2896038713,4091460919
dimwishlist:item=2638190703&perks=1840239774,1885400500,3400784728,2896038713,2988596335
dimwishlist:item=2638190703&perks=1840239774,1885400500,3400784728,2896038713,4091460919
dimwishlist:item=2638190703&perks=1840239774,3230963543,3400784728,2896038713,2988596335
dimwishlist:item=2638190703&perks=1840239774,3230963543,3400784728,2896038713,4091460919
dimwishlist:item=2638190703&perks=1840239774,679225683,3400784728,2896038713,2988596335
dimwishlist:item=2638190703&perks=1840239774,679225683,3400784728,2896038713,4091460919
dimwishlist:item=2638190703&perks=3661387068,2420895100,3400784728,2896038713,2988596335
dimwishlist:item=2638190703&perks=3661387068,2420895100,3400784728,2896038713,4091460919
dimwishlist:item=2638190703&perks=3661387068,1431678320,3400784728,2896038713,2988596335
dimwishlist:item=2638190703&perks=3661387068,1431678320,3400784728,2896038713,4091460919
dimwishlist:item=2638190703&perks=3661387068,1087426260,3400784728,2896038713,2988596335
dimwishlist:item=2638190703&perks=3661387068,1087426260,3400784728,2896038713,4091460919
dimwishlist:item=2638190703&perks=3661387068,1968497646,3400784728,2896038713,2988596335
dimwishlist:item=2638190703&perks=3661387068,1968497646,3400784728,2896038713,4091460919
dimwishlist:item=2638190703&perks=3661387068,1561002382,3400784728,2896038713,2988596335
dimwishlist:item=2638190703&perks=3661387068,1561002382,3400784728,2896038713,4091460919
dimwishlist:item=2638190703&perks=3661387068,1885400500,3400784728,2896038713,2988596335
dimwishlist:item=2638190703&perks=3661387068,1885400500,3400784728,2896038713,4091460919
dimwishlist:item=2638190703&perks=3661387068,3230963543,3400784728,2896038713,2988596335
dimwishlist:item=2638190703&perks=3661387068,3230963543,3400784728,2896038713,4091460919
dimwishlist:item=2638190703&perks=3661387068,679225683,3400784728,2896038713,2988596335
dimwishlist:item=2638190703&perks=3661387068,679225683,3400784728,2896038713,4091460919
dimwishlist:item=2638190703&perks=1467527085,2420895100,3400784728,2896038713,2988596335
dimwishlist:item=2638190703&perks=1467527085,2420895100,3400784728,2896038713,4091460919
dimwishlist:item=2638190703&perks=1467527085,1431678320,3400784728,2896038713,2988596335
dimwishlist:item=2638190703&perks=1467527085,1431678320,3400784728,2896038713,4091460919
dimwishlist:item=2638190703&perks=1467527085,1087426260,3400784728,2896038713,2988596335
dimwishlist:item=2638190703&perks=1467527085,1087426260,3400784728,2896038713,4091460919
dimwishlist:item=2638190703&perks=1467527085,1968497646,3400784728,2896038713,2988596335
dimwishlist:item=2638190703&perks=1467527085,1968497646,3400784728,2896038713,4091460919
dimwishlist:item=2638190703&perks=1467527085,1561002382,3400784728,2896038713,2988596335
dimwishlist:item=2638190703&perks=1467527085,1561002382,3400784728,2896038713,4091460919
dimwishlist:item=2638190703&perks=1467527085,1885400500,3400784728,2896038713,2988596335
dimwishlist:item=2638190703&perks=1467527085,1885400500,3400784728,2896038713,4091460919
dimwishlist:item=2638190703&perks=1467527085,3230963543,3400784728,2896038713,2988596335
dimwishlist:item=2638190703&perks=1467527085,3230963543,3400784728,2896038713,4091460919
dimwishlist:item=2638190703&perks=1467527085,679225683,3400784728,2896038713,2988596335
dimwishlist:item=2638190703&perks=1467527085,679225683,3400784728,2896038713,4091460919
dimwishlist:item=2638190703&perks=4090651448,2420895100,3400784728,2896038713,2988596335
dimwishlist:item=2638190703&perks=4090651448,2420895100,3400784728,2896038713,4091460919
dimwishlist:item=2638190703&perks=4090651448,1431678320,3400784728,2896038713,2988596335
dimwishlist:item=2638190703&perks=4090651448,1431678320,3400784728,2896038713,4091460919
dimwishlist:item=2638190703&perks=4090651448,1087426260,3400784728,2896038713,2988596335
dimwishlist:item=2638190703&perks=4090651448,1087426260,3400784728,2896038713,4091460919
dimwishlist:item=2638190703&perks=4090651448,1968497646,3400784728,2896038713,2988596335
dimwishlist:item=2638190703&perks=4090651448,1968497646,3400784728,2896038713,4091460919
dimwishlist:item=2638190703&perks=4090651448,1561002382,3400784728,2896038713,2988596335
dimwishlist:item=2638190703&perks=4090651448,1561002382,3400784728,2896038713,4091460919
dimwishlist:item=2638190703&perks=4090651448,1885400500,3400784728,2896038713,2988596335
dimwishlist:item=2638190703&perks=4090651448,1885400500,3400784728,2896038713,4091460919
dimwishlist:item=2638190703&perks=4090651448,3230963543,3400784728,2896038713,2988596335
dimwishlist:item=2638190703&perks=4090651448,3230963543,3400784728,2896038713,4091460919
dimwishlist:item=2638190703&perks=4090651448,679225683,3400784728,2896038713,2988596335
dimwishlist:item=2638190703&perks=4090651448,679225683,3400784728,2896038713,4091460919
dimwishlist:item=2638190703&perks=202670084,2420895100,3400784728,2896038713,2988596335
dimwishlist:item=2638190703&perks=202670084,2420895100,3400784728,2896038713,4091460919
dimwishlist:item=2638190703&perks=202670084,1431678320,3400784728,2896038713,2988596335
dimwishlist:item=2638190703&perks=202670084,1431678320,3400784728,2896038713,4091460919
dimwishlist:item=2638190703&perks=202670084,1087426260,3400784728,2896038713,2988596335
dimwishlist:item=2638190703&perks=202670084,1087426260,3400784728,2896038713,4091460919
dimwishlist:item=2638190703&perks=202670084,1968497646,3400784728,2896038713,2988596335
dimwishlist:item=2638190703&perks=202670084,1968497646,3400784728,2896038713,4091460919
dimwishlist:item=2638190703&perks=202670084,1561002382,3400784728,2896038713,2988596335
dimwishlist:item=2638190703&perks=202670084,1561002382,3400784728,2896038713,4091460919
dimwishlist:item=2638190703&perks=202670084,1885400500,3400784728,2896038713,2988596335
dimwishlist:item=2638190703&perks=202670084,1885400500,3400784728,2896038713,4091460919
dimwishlist:item=2638190703&perks=202670084,3230963543,3400784728,2896038713,2988596335
dimwishlist:item=2638190703&perks=202670084,3230963543,3400784728,2896038713,4091460919
dimwishlist:item=2638190703&perks=202670084,679225683,3400784728,2896038713,2988596335
dimwishlist:item=2638190703&perks=202670084,679225683,3400784728,2896038713,4091460919
dimwishlist:item=2638190703&perks=3250034553,2420895100,3400784728,2896038713,2988596335
dimwishlist:item=2638190703&perks=3250034553,2420895100,3400784728,2896038713,4091460919
dimwishlist:item=2638190703&perks=3250034553,1431678320,3400784728,2896038713,2988596335
dimwishlist:item=2638190703&perks=3250034553,1431678320,3400784728,2896038713,4091460919
dimwishlist:item=2638190703&perks=3250034553,1087426260,3400784728,2896038713,2988596335
dimwishlist:item=2638190703&perks=3250034553,1087426260,3400784728,2896038713,4091460919
dimwishlist:item=2638190703&perks=3250034553,1968497646,3400784728,2896038713,2988596335
dimwishlist:item=2638190703&perks=3250034553,1968497646,3400784728,2896038713,4091460919
dimwishlist:item=2638190703&perks=3250034553,1561002382,3400784728,2896038713,2988596335
dimwishlist:item=2638190703&perks=3250034553,1561002382,3400784728,2896038713,4091460919
dimwishlist:item=2638190703&perks=3250034553,1885400500,3400784728,2896038713,2988596335
dimwishlist:item=2638190703&perks=3250034553,1885400500,3400784728,2896038713,4091460919
dimwishlist:item=2638190703&perks=3250034553,3230963543,3400784728,2896038713,2988596335
dimwishlist:item=2638190703&perks=3250034553,3230963543,3400784728,2896038713,4091460919
dimwishlist:item=2638190703&perks=3250034553,679225683,3400784728,2896038713,2988596335
dimwishlist:item=2638190703&perks=3250034553,679225683,3400784728,2896038713,4091460919
dimwishlist:item=2638190703&perks=1392496348,2420895100,3400784728,2896038713,2988596335
dimwishlist:item=2638190703&perks=1392496348,2420895100,3400784728,2896038713,4091460919
dimwishlist:item=2638190703&perks=1392496348,1431678320,3400784728,2896038713,2988596335
dimwishlist:item=2638190703&perks=1392496348,1431678320,3400784728,2896038713,4091460919
dimwishlist:item=2638190703&perks=1392496348,1087426260,3400784728,2896038713,2988596335
dimwishlist:item=2638190703&perks=1392496348,1087426260,3400784728,2896038713,4091460919
dimwishlist:item=2638190703&perks=1392496348,1968497646,3400784728,2896038713,2988596335
dimwishlist:item=2638190703&perks=1392496348,1968497646,3400784728,2896038713,4091460919
dimwishlist:item=2638190703&perks=1392496348,1561002382,3400784728,2896038713,2988596335
dimwishlist:item=2638190703&perks=1392496348,1561002382,3400784728,2896038713,4091460919
dimwishlist:item=2638190703&perks=1392496348,1885400500,3400784728,2896038713,2988596335
dimwishlist:item=2638190703&perks=1392496348,1885400500,3400784728,2896038713,4091460919
dimwishlist:item=2638190703&perks=1392496348,3230963543,3400784728,2896038713,2988596335
dimwishlist:item=2638190703&perks=1392496348,3230963543,3400784728,2896038713,4091460919
dimwishlist:item=2638190703&perks=1392496348,679225683,3400784728,2896038713,2988596335
dimwishlist:item=2638190703&perks=1392496348,679225683,3400784728,2896038713,4091460919
dimwishlist:item=2638190703&perks=1482024992,2420895100,3400784728,2896038713,2988596335
dimwishlist:item=2638190703&perks=1482024992,2420895100,3400784728,2896038713,4091460919
dimwishlist:item=2638190703&perks=1482024992,1431678320,3400784728,2896038713,2988596335
dimwishlist:item=2638190703&perks=1482024992,1431678320,3400784728,2896038713,4091460919
dimwishlist:item=2638190703&perks=1482024992,1087426260,3400784728,2896038713,2988596335
dimwishlist:item=2638190703&perks=1482024992,1087426260,3400784728,2896038713,4091460919
dimwishlist:item=2638190703&perks=1482024992,1968497646,3400784728,2896038713,2988596335
dimwishlist:item=2638190703&perks=1482024992,1968497646,3400784728,2896038713,4091460919
dimwishlist:item=2638190703&perks=1482024992,1561002382,3400784728,2896038713,2988596335
dimwishlist:item=2638190703&perks=1482024992,1561002382,3400784728,2896038713,4091460919
dimwishlist:item=2638190703&perks=1482024992,1885400500,3400784728,2896038713,2988596335
dimwishlist:item=2638190703&perks=1482024992,1885400500,3400784728,2896038713,4091460919
dimwishlist:item=2638190703&perks=1482024992,3230963543,3400784728,2896038713,2988596335
dimwishlist:item=2638190703&perks=1482024992,3230963543,3400784728,2896038713,4091460919
dimwishlist:item=2638190703&perks=1482024992,679225683,3400784728,2896038713,2988596335
dimwishlist:item=2638190703&perks=1482024992,679225683,3400784728,2896038713,4091460919
